
\begin{DoxyVerbInclude}
<?xml version="1.0" encoding="UTF-8"?>
<ew_dig3>

<tableau>
<template_form>test_dig3_tem000.out</template_form>
<template_view>[0 0 1.5] [1 0 0 0 1 0 0 0 1] .1</template_view>
<template_slice>[0 0 1.5] [1 0 0 0 1 0 0 0 1] .1</template_slice>
<template_surface id="Mand"/>
<specimen_form>test_dig3_tar000.out</specimen_form>
<specimen_view>[0 0 1.5] [1 0 0 0 1 0 0 0 1] .1</specimen_view>
<specimen_slice>[0 0 1.5] [1 0 0 0 1 0 0 0 1] .1</specimen_slice>
<specimen_surface id="Mand"/>
<specimen_surface id="T1"/>
</tableau>

<tableau>
<template_form>test_dig3_tem001.out</template_form>
<template_view>[0 0 1.5] [1 0 0 0 1 0 0 0 1] .1</template_view>
<template_slice>[0 0 1.5] [1 0 0 0 1 0 0 0 1] .1</template_slice>
<template_surface id="Mand"/>
<specimen_form>test_dig3_tar001.out</specimen_form>
<specimen_view>[0 0 1.5] [1 0 0 0 1 0 0 0 1] .1</specimen_view>
<specimen_slice>[0 0 1.5] [1 0 0 0 1 0 0 0 1] .1</specimen_slice>
<specimen_surface id="Mand"/>
<specimen_surface id="T1"/>
</tableau>

<tableau>
<template_form>test_dig3_tem002.out</template_form>
<template_view>[-.7876785663729557 -.7859725280754518 1.0058874992698374] [.8364415926970159 -.15689312086219004 -.5251190442486371 -.17250672674514136 .8340771083120574 -.5239816853836345 .5201988958409631 .5288666429412233 .6705916661798917] .1</template_view>
<template_slice>[.30521663602401067 .3155556729796402 1.4343177550126587] [.9786488421258913 -.02903869951867109 .20347775734934048 -.014734669946154211 .9775106975553132 .21037044865309354 -.20501056876958956 -.2088769735877803 .9562118366751057] .1</template_slice>
<template_surface id="Mand"/>
<specimen_form>test_dig3_tar002.out</specimen_form>
<specimen_view>[-.7041977804372336 -.9846155272715682 .8857978039502046] [.8601678909243633 -.19928280823262018 -.4694651869581559 -.18905539066726484 .7303310959314406 -.6564103515143791 .4736763226955546 .6533780319680967 .5905318693001365] .1</specimen_view>
<specimen_slice>[.5742790163936046 .5909587618098809 1.253383960791795] [.9174371470618669 -.1083185508062228 .3828526775957366 -.056092139595610865 .9174090335916952 .3939725078732539 -.39390703607142036 -.38292003948029923 .8355893071945301] .1</specimen_slice>
<specimen_surface id="Mand"/>
<specimen_surface id="T1"/>
</tableau>

<tableau>
<template_form>test_dig3_tem003.out</template_form>
<template_view>[-.7876785663729557 -.7859725280754518 1.0058874992698374] [.8364415926970159 -.15689312086219004 -.5251190442486371 -.17250672674514136 .8340771083120574 -.5239816853836345 .5201988958409631 .5288666429412233 .6705916661798917] .1</template_view>
<template_slice>[.30521663602401067 .3155556729796402 1.4343177550126587] [.9786488421258913 -.02903869951867109 .20347775734934048 -.014734669946154211 .9775106975553132 .21037044865309354 -.20501056876958956 -.2088769735877803 .9562118366751057] .1</template_slice>
<specimen_form>test_dig3_tar003.out</specimen_form>
<specimen_view>[-.7041977804372336 -.9846155272715682 .8857978039502046] [.8601678909243633 -.19928280823262018 -.4694651869581559 -.18905539066726484 .7303310959314406 -.6564103515143791 .4736763226955546 .6533780319680967 .5905318693001365] .1</specimen_view>
<specimen_slice>[.5742790163936046 .5909587618098809 1.253383960791795] [.9174371470618669 -.1083185508062228 .3828526775957366 -.056092139595610865 .9174090335916952 .3939725078732539 -.39390703607142036 -.38292003948029923 .8355893071945301] .1</specimen_slice>
</tableau>

</ew_dig3>
\end{DoxyVerbInclude}
 