<?xml version="1.0" encoding="UTF-8"?>
<ew_dig3>

<tableau>
<template_form>tetra_0.frm</template_form>
<target_form>tetra_1.frm</target_form>
<target_view>[-.5975486425457734 -.7998278937718488 .27569236371346484] [-.20591841732449856 .6061835678164088 .7682051077127388 .9682107127364034 .24012778693147388 .07004756730861172 -.14200570815652078 .7582084990639179 -.6363601580851875] .6905055536903554</target_view>
<target_slice>[.997018425090798 -.007113708983020257 .07683524695063608] [-.7208661918931417 -.2951228289058015 -.627100031290154 .09634025430782234 .8533568726041694 -.5123481271353769 .6863457501765282 -.4297494198226005 -.5867239106911823] .6666666666666666</target_slice>
<target_surface id="tetrahedron.surface"/>
</tableau>

<tableau>
<template_form>tetra_0.frm</template_form>
<target_form>tetra_1.frm</target_form>
<target_view>[-.5975486425457734 -.7998278937718488 .27569236371346484] [-.20591841732449856 .6061835678164088 .7682051077127388 .9682107127364034 .24012778693147388 .07004756730861172 -.14200570815652078 .7582084990639179 -.6363601580851875] .6905055536903554</target_view>
<target_slice>[.7650792247369652 .15131302823593715 .6259058614216276] [-.9815748430568357 -.17395118720057517 -.07906840044832783 -.10449721759095217 .8351290510224649 -.5400368502741875 .1599723694695301 -.5218241587065761 -.8379190822486852] .6666666666666666</target_slice>
<target_surface id="tetrahedron.surface"/>
</tableau>

</ew_dig3>
